23604686
29360350
26351873
29412453
26340363
29692268
26457203
26457206
23718563
29411966
29411957
29427164
29427115
29427132
29555727
29404534
29475207
29427609
29446757
29535722
29497628
29497633
29780746
21250874
29494897
29494893
26346015
26302619
29696086
26511606
29406703
23659270
26406917
21285848
23635560
23659445
23635519
29490597
23635449
29535772
23658663
21285860
26420975
29790189
21243492
23725028
29340862
29862736
29377346
27610353
29862729
29862735
29348640
29463953
26343355
29406697
29463952
29409886
29949293
29347378
29313464
23843411
29515960
26625360
29515959
29875522
29875519
29875521
29515949
29368539
26379207
26379225
23725276
23681247
29402498
29443336
29402480
29402507
21185813
29360267
29360286
29320966
29320978
29320961
29320965
29320977
29493429
26454348
23868339
29777740
29521318
26407738
26407723
26705607
29454224
26398566
27895922
29454661